%YAML:1.0
---
K: !!opencv-matrix
   rows: 3
   cols: 3
   dt: d
   data: [ 1.2543067773650282e+03, 0., 5.5817417780629398e+02, 0.,
       1.2550237824712560e+03, 9.9146469809865357e+02, 0., 0., 1. ]
D: !!opencv-matrix
   rows: 1
   cols: 5
   dt: d
   data: [ -2.0070438953972831e-02, 1.2450490794502050e-01,
       2.2908373685699944e-03, -2.4967247741164524e-03,
       -6.8469839745463723e-02 ]
